#0 71774 110563 1 822 356.898010 0.000000 2004-06-01T00:00:00
#1 71774 110562 1 836 356.898010 0.000000 2004-06-01T00:00:00
#2 71776 110567 1 907 63.900002 0.000000 2004-06-01T00:00:00
#3 71780 110624 2 918 158.429993 0.000000 2004-06-01T00:00:00
#4 71780 110633 2 984 112.998001 0.400000 2004-06-01T00:00:00
#5 71780 110631 1 992 323.993988 0.000000 2004-06-01T00:00:00
#6 71780 110644 1 880 32.993999 0.000000 2004-06-01T00:00:00
#7 71780 110635 3 987 112.998001 0.400000 2004-06-01T00:00:00
#8 71780 110620 1 990 323.993988 0.000000 2004-06-01T00:00:00
#9 71780 110639 3 809 37.152000 0.000000 2004-06-01T00:00:00
#10 71780 110641 2 935 24.294001 0.000000 2004-06-01T00:00:00
#11 71780 110637 3 982 461.694000 0.000000 2004-06-01T00:00:00
#12 71780 110618 6 988 112.998001 0.400000 2004-06-01T00:00:00
#13 71780 110640 1 810 72.162003 0.000000 2004-06-01T00:00:00
#14 71780 110628 1 985 112.998001 0.400000 2004-06-01T00:00:00
#15 71780 110619 2 748 818.700012 0.000000 2004-06-01T00:00:00
#16 71780 110634 3 986 112.998001 0.400000 2004-06-01T00:00:00
#17 71780 110626 1 937 48.594002 0.000000 2004-06-01T00:00:00
#18 71780 110636 2 981 461.694000 0.000000 2004-06-01T00:00:00
#19 71780 110642 1 925 149.873993 0.000000 2004-06-01T00:00:00
#20 71780 110621 1 926 149.873993 0.000000 2004-06-01T00:00:00
#21 71780 110632 2 993 323.993988 0.000000 2004-06-01T00:00:00
#22 71780 110617 2 983 461.694000 0.000000 2004-06-01T00:00:00
#23 71780 110625 4 780 1391.994019 0.000000 2004-06-01T00:00:00
#24 71780 110627 6 867 41.993999 0.000000 2004-06-01T00:00:00
#25 71780 110630 3 991 323.993988 0.000000 2004-06-01T00:00:00
#26 71780 110623 4 782 1376.994019 0.000000 2004-06-01T00:00:00
#27 71780 110638 5 783 1376.994019 0.000000 2004-06-01T00:00:00
#28 71780 110629 2 989 323.993988 0.000000 2004-06-01T00:00:00
#29 71780 110622 1 743 809.760010 0.000000 2004-06-01T00:00:00
#30 71780 110616 4 905 218.453995 0.000000 2004-06-01T00:00:00
#31 71780 110643 7 869 41.993999 0.000000 2004-06-01T00:00:00
#32 71782 110676 4 971 728.909973 0.000000 2004-06-01T00:00:00
#33 71782 110692 2 979 445.410004 0.000000 2004-06-01T00:00:00
#34 71782 110698 2 945 54.894001 0.000000 2004-06-01T00:00:00
#35 71782 110668 3 956 1430.442017 0.000000 2004-06-01T00:00:00
#36 71782 110669 1 954 1430.442017 0.000000 2004-06-01T00:00:00
#37 71782 110703 6 881 32.394001 0.000000 2004-06-01T00:00:00
#38 71782 110674 3 876 72.000000 0.000000 2004-06-01T00:00:00
#39 71782 110672 4 996 72.893997 0.000000 2004-06-01T00:00:00
#40 71782 110677 6 870 2.994000 0.000000 2004-06-01T00:00:00
#41 71782 110691 3 961 445.410004 0.000000 2004-06-01T00:00:00
#42 71782 110701 1 892 602.346008 0.000000 2004-06-01T00:00:00
#43 71782 110707 9 880 32.993999 0.000000 2004-06-01T00:00:00
#44 71782 110689 2 967 1430.442017 0.000000 2004-06-01T00:00:00
#45 71782 110690 7 708 20.993999 0.000000 2004-06-01T00:00:00
#46 71782 110685 2 885 602.346008 0.000000 2004-06-01T00:00:00
#47 71782 110699 1 916 31.584000 0.000000 2004-06-01T00:00:00
#48 71782 110682 1 970 728.909973 0.000000 2004-06-01T00:00:00
#49 71782 110679 1 955 1430.442017 0.000000 2004-06-01T00:00:00
#50 71782 110687 3 894 72.875999 0.000000 2004-06-01T00:00:00
#51 71782 110708 6 711 20.993999 0.000000 2004-06-01T00:00:00
#52 71782 110696 2 968 1430.442017 0.000000 2004-06-01T00:00:00
#53 71782 110678 1 978 445.410004 0.000000 2004-06-01T00:00:00
#54 71782 110709 3 707 20.993999 0.000000 2004-06-01T00:00:00
#55 71782 110704 4 883 32.394001 0.000000 2004-06-01T00:00:00
#56 71782 110705 1 859 14.694000 0.000000 2004-06-01T00:00:00
#57 71782 110686 8 715 29.993999 0.000000 2004-06-01T00:00:00
#58 71782 110670 10 712 5.394000 0.000000 2004-06-01T00:00:00
#59 71782 110667 3 714 29.993999 0.000000 2004-06-01T00:00:00
#60 71782 110702 1 893 602.346008 0.000000 2004-06-01T00:00:00
#61 71782 110673 6 864 38.099998 0.000000 2004-06-01T00:00:00
#62 71782 110700 1 886 200.052002 0.000000 2004-06-01T00:00:00
#63 71782 110671 10 877 4.770000 0.000000 2004-06-01T00:00:00
#64 71782 110688 1 957 1430.442017 0.000000 2004-06-01T00:00:00
#65 71782 110681 1 994 32.394001 0.000000 2004-06-01T00:00:00
#66 71782 110694 1 963 445.410004 0.000000 2004-06-01T00:00:00
#67 71782 110675 4 959 445.410004 0.000000 2004-06-01T00:00:00
#68 71782 110680 1 948 63.900002 0.000000 2004-06-01T00:00:00
#69 71782 110695 1 953 728.909973 0.000000 2004-06-01T00:00:00
#70 71782 110683 2 966 1430.442017 0.000000 2004-06-01T00:00:00
#71 71782 110684 4 884 32.394001 0.000000 2004-06-01T00:00:00
#72 71782 110697 2 951 242.994003 0.000000 2004-06-01T00:00:00
#73 71782 110706 4 865 38.099998 0.000000 2004-06-01T00:00:00
#74 71782 110693 2 958 445.410004 0.000000 2004-06-01T00:00:00
#75 71783 110728 3 938 24.294001 0.000000 2004-06-01T00:00:00
#76 71783 110742 4 838 858.900024 0.000000 2004-06-01T00:00:00
#77 71783 110740 3 835 356.898010 0.000000 2004-06-01T00:00:00
#78 71783 110710 4 738 202.332001 0.000000 2004-06-01T00:00:00
#79 71783 110750 2 876 72.000000 0.000000 2004-06-01T00:00:00
#80 71783 110736 1 801 672.294006 0.000000 2004-06-01T00:00:00
#81 71783 110733 5 999 323.993988 0.000000 2004-06-01T00:00:00
#82 71783 110738 13 974 986.574219 0.020000 2004-06-01T00:00:00
#83 71783 110737 5 973 1020.593994 0.000000 2004-06-01T00:00:00
#84 71783 110727 15 864 34.924999 0.050000 2004-06-01T00:00:00
#85 71783 110713 4 977 323.993988 0.000000 2004-06-01T00:00:00
#86 71783 110735 1 798 672.294006 0.000000 2004-06-01T00:00:00
#87 71783 110745 4 716 29.993999 0.000000 2004-06-01T00:00:00
#88 71783 110732 7 998 323.993988 0.000000 2004-06-01T00:00:00
#89 71783 110715 7 859 14.694000 0.000000 2004-06-01T00:00:00
#90 71783 110712 3 793 1466.010010 0.000000 2004-06-01T00:00:00
#91 71783 110711 6 939 37.254002 0.000000 2004-06-01T00:00:00
#92 71783 110741 4 836 356.898010 0.000000 2004-06-01T00:00:00
#93 71783 110729 11 883 31.314199 0.020000 2004-06-01T00:00:00
#94 71783 110720 6 881 32.394001 0.000000 2004-06-01T00:00:00
#95 71783 110746 1 875 5.394000 0.000000 2004-06-01T00:00:00
#96 71783 110725 2 858 14.694000 0.000000 2004-06-01T00:00:00
#97 71783 110748 11 712 5.214200 0.020000 2004-06-01T00:00:00
#98 71783 110744 17 715 27.494499 0.050000 2004-06-01T00:00:00
#99 71783 110721 6 873 1.374000 0.000000 2004-06-01T00:00:00
#100 71783 110724 1 799 672.294006 0.000000 2004-06-01T00:00:00
#101 71783 110726 9 860 14.694000 0.000000 2004-06-01T00:00:00
#102 71783 110719 1 813 72.162003 0.000000 2004-06-01T00:00:00
#103 71783 110734 4 797 672.294006 0.000000 2004-06-01T00:00:00
#104 71783 110749 15 711 19.244499 0.050000 2004-06-01T00:00:00
#105 71783 110747 10 865 38.099998 0.000000 2004-06-01T00:00:00
#106 71783 110723 1 822 356.898010 0.000000 2004-06-01T00:00:00
#107 71783 110718 8 877 4.770000 0.000000 2004-06-01T00:00:00
#108 71783 110717 6 714 29.993999 0.000000 2004-06-01T00:00:00
#109 71783 110731 9 884 32.394001 0.000000 2004-06-01T00:00:00
#110 71783 110752 11 708 20.294201 0.020000 2004-06-01T00:00:00
#111 71783 110716 25 976 850.494995 0.100000 2004-06-01T00:00:00
#112 71783 110722 10 870 2.994000 0.000000 2004-06-01T00:00:00
#113 71783 110730 6 722 202.332001 0.000000 2004-06-01T00:00:00
#114 71783 110751 10 707 20.993999 0.000000 2004-06-01T00:00:00
#115 71783 110743 2 718 858.900024 0.000000 2004-06-01T00:00:00
#116 71783 110714 9 880 32.993999 0.000000 2004-06-01T00:00:00
#117 71783 110739 4 940 48.594002 0.000000 2004-06-01T00:00:00
#118 71784 110786 8 715 29.993999 0.000000 2004-06-01T00:00:00
#119 71784 110754 8 885 602.346008 0.000000 2004-06-01T00:00:00
#120 71784 110775 3 961 445.410004 0.000000 2004-06-01T00:00:00
#121 71784 110762 4 972 728.909973 0.000000 2004-06-01T00:00:00
#122 71784 110774 8 979 445.410004 0.000000 2004-06-01T00:00:00
#123 71784 110766 6 958 445.410004 0.000000 2004-06-01T00:00:00
#124 71784 110791 23 864 34.924999 0.050000 2004-06-01T00:00:00
#125 71784 110769 6 858 14.694000 0.000000 2004-06-01T00:00:00
#126 71784 110770 4 889 602.346008 0.000000 2004-06-01T00:00:00
#127 71784 110788 7 883 32.394001 0.000000 2004-06-01T00:00:00
#128 71784 110764 5 716 29.993999 0.000000 2004-06-01T00:00:00
#129 71784 110755 2 954 1430.442017 0.000000 2004-06-01T00:00:00
#130 71784 110780 10 969 1430.442017 0.000000 2004-06-01T00:00:00
#131 71784 110793 8 873 1.374000 0.000000 2004-06-01T00:00:00
#132 71784 110782 2 916 31.584000 0.000000 2004-06-01T00:00:00
#133 71784 110785 1 893 602.346008 0.000000 2004-06-01T00:00:00
#134 71784 110763 8 877 4.770000 0.000000 2004-06-01T00:00:00
#135 71784 110759 1 959 445.410004 0.000000 2004-06-01T00:00:00
#136 71784 110761 10 712 5.394000 0.000000 2004-06-01T00:00:00
#137 71784 110772 2 895 200.052002 0.000000 2004-06-01T00:00:00
#138 71784 110757 8 865 38.099998 0.000000 2004-06-01T00:00:00
#139 71784 110789 3 884 32.394001 0.000000 2004-06-01T00:00:00
#140 71784 110760 9 714 29.993999 0.000000 2004-06-01T00:00:00
#141 71784 110795 12 708 20.294201 0.020000 2004-06-01T00:00:00
#142 71784 110756 11 870 2.894200 0.020000 2004-06-01T00:00:00
#143 71784 110777 3 953 728.909973 0.000000 2004-06-01T00:00:00
#144 71784 110779 6 967 1430.442017 0.000000 2004-06-01T00:00:00
#145 71784 110771 7 962 445.410004 0.000000 2004-06-01T00:00:00
#146 71784 110787 6 881 32.394001 0.000000 2004-06-01T00:00:00
#147 71784 110773 12 957 1382.760620 0.020000 2004-06-01T00:00:00
#148 71784 110778 4 966 1430.442017 0.000000 2004-06-01T00:00:00
#149 71784 110767 6 876 72.000000 0.000000 2004-06-01T00:00:00
#150 71784 110776 5 963 445.410004 0.000000 2004-06-01T00:00:00
#151 71784 110781 2 955 1430.442017 0.000000 2004-06-01T00:00:00
#152 71784 110753 2 711 20.993999 0.000000 2004-06-01T00:00:00
#153 71784 110758 4 970 728.909973 0.000000 2004-06-01T00:00:00
#154 71784 110768 2 899 200.052002 0.000000 2004-06-01T00:00:00
#155 71784 110794 10 707 20.993999 0.000000 2004-06-01T00:00:00
#156 71784 110790 5 859 14.694000 0.000000 2004-06-01T00:00:00
#157 71784 110792 9 880 32.993999 0.000000 2004-06-01T00:00:00
#158 71784 110783 3 896 200.052002 0.000000 2004-06-01T00:00:00
#159 71784 110784 1 900 200.052002 0.000000 2004-06-01T00:00:00
#160 71784 110765 11 965 430.562988 0.020000 2004-06-01T00:00:00
#161 71796 111025 2 967 1430.442017 0.000000 2004-06-01T00:00:00
#162 71796 111033 1 899 200.052002 0.000000 2004-06-01T00:00:00
#163 71796 111034 1 900 200.052002 0.000000 2004-06-01T00:00:00
#164 71796 111024 9 969 1430.442017 0.000000 2004-06-01T00:00:00
#165 71796 111018 1 891 602.346008 0.000000 2004-06-01T00:00:00
#166 71796 111036 1 893 602.346008 0.000000 2004-06-01T00:00:00
#167 71796 111031 1 955 1430.442017 0.000000 2004-06-01T00:00:00
#168 71796 111030 3 954 1430.442017 0.000000 2004-06-01T00:00:00
#169 71796 111035 6 892 602.346008 0.000000 2004-06-01T00:00:00
#170 71796 111037 2 885 602.346008 0.000000 2004-06-01T00:00:00
#171 71796 111027 7 961 445.410004 0.000000 2004-06-01T00:00:00
#172 71796 111029 1 970 728.909973 0.000000 2004-06-01T00:00:00
#173 71796 111032 1 947 54.942001 0.000000 2004-06-01T00:00:00
#174 71796 111026 3 979 445.410004 0.000000 2004-06-01T00:00:00
#175 71796 111022 5 958 445.410004 0.000000 2004-06-01T00:00:00
#176 71796 111028 2 965 445.410004 0.000000 2004-06-01T00:00:00
#177 71796 111020 2 953 728.909973 0.000000 2004-06-01T00:00:00
#178 71796 111019 8 972 728.909973 0.000000 2004-06-01T00:00:00
#179 71796 111021 1 916 31.584000 0.000000 2004-06-01T00:00:00
#180 71796 111023 3 957 1430.442017 0.000000 2004-06-01T00:00:00
#181 71797 111071 9 976 1020.593994 0.000000 2004-06-01T00:00:00
#182 71797 111083 2 822 356.898010 0.000000 2004-06-01T00:00:00
#183 71797 111075 6 707 20.993999 0.000000 2004-06-01T00:00:00
#184 71797 111038 4 711 20.993999 0.000000 2004-06-01T00:00:00
#185 71797 111077 5 973 1020.593994 0.000000 2004-06-01T00:00:00
#186 71797 111055 6 873 1.374000 0.000000 2004-06-01T00:00:00
#187 71797 111068 8 881 32.394001 0.000000 2004-06-01T00:00:00
#188 71797 111081 4 836 356.898010 0.000000 2004-06-01T00:00:00
#189 71797 111078 11 870 2.894200 0.020000 2004-06-01T00:00:00
#190 71797 111051 3 875 5.394000 0.000000 2004-06-01T00:00:00
#191 71797 111054 10 880 32.993999 0.000000 2004-06-01T00:00:00
#192 71797 111070 23 864 34.924999 0.050000 2004-06-01T00:00:00
#193 71797 111064 3 938 24.294001 0.000000 2004-06-01T00:00:00
#194 71797 111039 2 838 858.900024 0.000000 2004-06-01T00:00:00
#195 71797 111057 7 977 323.993988 0.000000 2004-06-01T00:00:00
#196 71797 111062 6 998 323.993988 0.000000 2004-06-01T00:00:00
#197 71797 111063 4 999 323.993988 0.000000 2004-06-01T00:00:00
#198 71797 111046 5 835 356.898010 0.000000 2004-06-01T00:00:00
#199 71797 111060 4 939 37.254002 0.000000 2004-06-01T00:00:00
#200 71797 111059 2 813 72.162003 0.000000 2004-06-01T00:00:00
#201 71797 111080 4 858 14.694000 0.000000 2004-06-01T00:00:00
#202 71797 111072 17 877 4.372500 0.050000 2004-06-01T00:00:00
#203 71797 111074 3 974 1020.593994 0.000000 2004-06-01T00:00:00
#204 71797 111052 4 860 14.694000 0.000000 2004-06-01T00:00:00
#205 71797 111066 2 795 1466.010010 0.000000 2004-06-01T00:00:00
#206 71797 111076 9 859 14.694000 0.000000 2004-06-01T00:00:00
#207 71797 111050 15 884 29.694500 0.050000 2004-06-01T00:00:00
#208 71797 111042 16 883 29.694500 0.050000 2004-06-01T00:00:00
#209 71797 111069 1 865 38.099998 0.000000 2004-06-01T00:00:00
#210 71797 111041 4 940 48.594002 0.000000 2004-06-01T00:00:00
#211 71797 111058 2 798 672.294006 0.000000 2004-06-01T00:00:00
#212 71797 111061 2 801 672.294006 0.000000 2004-06-01T00:00:00
#213 71797 111067 10 797 672.294006 0.000000 2004-06-01T00:00:00
#214 71797 111053 6 712 5.394000 0.000000 2004-06-01T00:00:00
#215 71797 111040 1 714 29.993999 0.000000 2004-06-01T00:00:00
#216 71797 111048 4 715 29.993999 0.000000 2004-06-01T00:00:00
#217 71797 111047 1 718 858.900024 0.000000 2004-06-01T00:00:00
#218 71797 111079 2 717 858.900024 0.000000 2004-06-01T00:00:00
#219 71797 111056 10 876 72.000000 0.000000 2004-06-01T00:00:00
#220 71797 111049 5 716 29.993999 0.000000 2004-06-01T00:00:00
#221 71797 111073 6 793 1466.010010 0.000000 2004-06-01T00:00:00
#222 71797 111065 5 794 1466.010010 0.000000 2004-06-01T00:00:00
#223 71797 111082 12 708 20.294201 0.020000 2004-06-01T00:00:00
#224 71797 111044 1 738 202.332001 0.000000 2004-06-01T00:00:00
#225 71797 111045 3 722 202.332001 0.000000 2004-06-01T00:00:00
#226 71797 111043 2 913 31.584000 0.000000 2004-06-01T00:00:00
#227 71815 111451 1 738 202.332001 0.000000 2004-06-01T00:00:00
#228 71815 111453 2 874 5.394000 0.000000 2004-06-01T00:00:00
#229 71815 111452 2 835 356.898010 0.000000 2004-06-01T00:00:00
#230 71816 111458 3 883 32.394001 0.000000 2004-06-01T00:00:00
#231 71816 111460 1 948 63.900002 0.000000 2004-06-01T00:00:00
#232 71816 111459 1 961 445.410004 0.000000 2004-06-01T00:00:00
#233 71816 111455 1 954 1430.442017 0.000000 2004-06-01T00:00:00
#234 71816 111456 2 715 29.993999 0.000000 2004-06-01T00:00:00
#235 71816 111457 4 712 5.394000 0.000000 2004-06-01T00:00:00
#236 71816 111454 1 953 728.909973 0.000000 2004-06-01T00:00:00
#237 71831 111790 2 869 41.993999 0.000000 2004-06-01T00:00:00
#238 71831 111792 6 867 41.993999 0.000000 2004-06-01T00:00:00
#239 71831 111791 1 782 1376.994019 0.000000 2004-06-01T00:00:00
#240 71832 111796 1 868 41.993999 0.000000 2004-06-01T00:00:00
#241 71832 111798 1 980 461.694000 0.000000 2004-06-01T00:00:00
#242 71832 111809 1 910 31.584000 0.000000 2004-06-01T00:00:00
#243 71832 111802 13 867 40.594200 0.020000 2004-06-01T00:00:00
#244 71832 111806 4 743 809.760010 0.000000 2004-06-01T00:00:00
#245 71832 111801 1 908 16.271999 0.000000 2004-06-01T00:00:00
#246 71832 111815 1 780 1391.994019 0.000000 2004-06-01T00:00:00
#247 71832 111795 2 781 1391.994019 0.000000 2004-06-01T00:00:00
#248 71832 111813 3 984 112.998001 0.400000 2004-06-01T00:00:00
#249 71832 111804 1 937 48.594002 0.000000 2004-06-01T00:00:00
#250 71832 111800 2 985 112.998001 0.400000 2004-06-01T00:00:00
#251 71832 111811 2 990 323.993988 0.000000 2004-06-01T00:00:00
#252 71832 111799 2 925 149.873993 0.000000 2004-06-01T00:00:00
#253 71832 111820 1 926 149.873993 0.000000 2004-06-01T00:00:00
#254 71832 111816 2 944 158.429993 0.000000 2004-06-01T00:00:00
#255 71832 111821 6 917 158.429993 0.000000 2004-06-01T00:00:00
#256 71832 111822 1 920 158.429993 0.000000 2004-06-01T00:00:00
#257 71832 111793 4 918 158.429993 0.000000 2004-06-01T00:00:00
#258 71832 111807 5 904 218.453995 0.000000 2004-06-01T00:00:00
#259 71832 111794 3 983 461.694000 0.000000 2004-06-01T00:00:00
#260 71832 111814 1 779 1391.994019 0.000000 2004-06-01T00:00:00
#261 71832 111812 3 992 323.993988 0.000000 2004-06-01T00:00:00
#262 71832 111803 3 782 1376.994019 0.000000 2004-06-01T00:00:00
#263 71832 111810 5 784 1376.994019 0.000000 2004-06-01T00:00:00
#264 71832 111818 1 809 37.152000 0.000000 2004-06-01T00:00:00
#265 71832 111819 3 935 24.294001 0.000000 2004-06-01T00:00:00
#266 71832 111805 1 936 37.254002 0.000000 2004-06-01T00:00:00
#267 71832 111797 1 810 72.162003 0.000000 2004-06-01T00:00:00
#268 71832 111817 1 808 26.724001 0.000000 2004-06-01T00:00:00
#269 71832 111808 1 748 818.700012 0.000000 2004-06-01T00:00:00
#270 71845 112147 4 924 149.873993 0.000000 2004-06-01T00:00:00
#271 71845 112136 2 920 158.429993 0.000000 2004-06-01T00:00:00
#272 71845 112139 2 944 158.429993 0.000000 2004-06-01T00:00:00
#273 71845 112120 4 904 218.453995 0.000000 2004-06-01T00:00:00
#274 71845 112128 2 905 218.453995 0.000000 2004-06-01T00:00:00
#275 71845 112133 1 951 242.994003 0.000000 2004-06-01T00:00:00
#276 71845 112141 8 909 23.483999 0.000000 2004-06-01T00:00:00
#277 71845 112148 3 952 12.144000 0.000000 2004-06-01T00:00:00
#278 71845 112135 1 809 37.152000 0.000000 2004-06-01T00:00:00
#279 71845 112134 3 747 809.760010 0.000000 2004-06-01T00:00:00
#280 71845 112140 1 808 26.724001 0.000000 2004-06-01T00:00:00
#281 71845 112126 2 867 41.993999 0.000000 2004-06-01T00:00:00
#282 71845 112130 3 869 41.993999 0.000000 2004-06-01T00:00:00
#283 71845 112125 2 937 48.594002 0.000000 2004-06-01T00:00:00
#284 71845 112123 1 945 54.894001 0.000000 2004-06-01T00:00:00
#285 71845 112119 2 948 63.900002 0.000000 2004-06-01T00:00:00
#286 71845 112137 2 743 809.760010 0.000000 2004-06-01T00:00:00
#287 71845 112127 1 748 818.700012 0.000000 2004-06-01T00:00:00
#288 71845 112138 2 715 29.993999 0.000000 2004-06-01T00:00:00
#289 71845 112142 2 925 149.873993 0.000000 2004-06-01T00:00:00
#290 71845 112144 2 910 31.584000 0.000000 2004-06-01T00:00:00
#291 71845 112131 5 783 1376.994019 0.000000 2004-06-01T00:00:00
#292 71845 112132 2 784 1376.994019 0.000000 2004-06-01T00:00:00
#293 71845 112143 2 782 1376.994019 0.000000 2004-06-01T00:00:00
#294 71845 112145 3 996 72.893997 0.000000 2004-06-01T00:00:00
#295 71845 112122 2 780 1391.994019 0.000000 2004-06-01T00:00:00
#296 71845 112124 3 949 105.293999 0.000000 2004-06-01T00:00:00
#297 71845 112146 3 779 1391.994019 0.000000 2004-06-01T00:00:00
#298 71845 112129 2 781 1391.994019 0.000000 2004-06-01T00:00:00
#299 71845 112118 2 988 112.998001 0.400000 2004-06-01T00:00:00
#300 71845 112121 3 742 818.700012 0.000000 2004-06-01T00:00:00
#301 71846 112149 2 936 37.254002 0.000000 2004-06-01T00:00:00
#302 71846 112150 1 739 818.700012 0.000000 2004-06-01T00:00:00
#303 71846 112152 2 981 461.694000 0.000000 2004-06-01T00:00:00
#304 71846 112151 1 984 112.998001 0.400000 2004-06-01T00:00:00
#305 71856 112331 1 962 445.410004 0.000000 2004-06-01T00:00:00
#306 71856 112332 1 945 54.894001 0.000000 2004-06-01T00:00:00
#307 71858 112363 2 883 32.394001 0.000000 2004-06-01T00:00:00
#308 71858 112370 1 877 4.770000 0.000000 2004-06-01T00:00:00
#309 71858 112366 1 952 12.144000 0.000000 2004-06-01T00:00:00
#310 71858 112360 1 962 445.410004 0.000000 2004-06-01T00:00:00
#311 71858 112365 2 965 445.410004 0.000000 2004-06-01T00:00:00
#312 71858 112371 1 958 445.410004 0.000000 2004-06-01T00:00:00
#313 71858 112373 2 961 445.410004 0.000000 2004-06-01T00:00:00
#314 71858 112359 3 979 445.410004 0.000000 2004-06-01T00:00:00
#315 71858 112362 2 715 29.993999 0.000000 2004-06-01T00:00:00
#316 71858 112361 1 953 728.909973 0.000000 2004-06-01T00:00:00
#317 71858 112369 1 972 728.909973 0.000000 2004-06-01T00:00:00
#318 71858 112368 1 945 54.894001 0.000000 2004-06-01T00:00:00
#319 71858 112367 2 948 63.900002 0.000000 2004-06-01T00:00:00
#320 71858 112375 3 712 5.394000 0.000000 2004-06-01T00:00:00
#321 71858 112364 1 957 1430.442017 0.000000 2004-06-01T00:00:00
#322 71858 112372 1 969 1430.442017 0.000000 2004-06-01T00:00:00
#323 71858 112374 2 966 1430.442017 0.000000 2004-06-01T00:00:00
#324 71863 112395 1 711 20.993999 0.000000 2004-06-01T00:00:00
#325 71863 112391 11 875 5.214200 0.020000 2004-06-01T00:00:00
#326 71863 112393 2 998 323.993988 0.000000 2004-06-01T00:00:00
#327 71863 112396 3 999 323.993988 0.000000 2004-06-01T00:00:00
#328 71863 112397 2 938 24.294001 0.000000 2004-06-01T00:00:00
#329 71863 112392 2 874 5.394000 0.000000 2004-06-01T00:00:00
#330 71863 112394 1 973 1020.593994 0.000000 2004-06-01T00:00:00
#331 71867 112452 1 717 858.900024 0.000000 2004-06-01T00:00:00
#332 71885 112645 6 884 32.394001 0.000000 2004-06-01T00:00:00
#333 71885 112646 3 864 38.099998 0.000000 2004-06-01T00:00:00
#334 71885 112644 3 876 72.000000 0.000000 2004-06-01T00:00:00
#335 71895 112864 2 909 23.483999 0.000000 2004-06-01T00:00:00
#336 71895 112866 3 864 38.099998 0.000000 2004-06-01T00:00:00
#337 71895 112865 2 715 29.993999 0.000000 2004-06-01T00:00:00
#338 71897 112900 3 969 1430.442017 0.000000 2004-06-01T00:00:00
#339 71897 112901 3 884 32.394001 0.000000 2004-06-01T00:00:00
#340 71897 112902 4 712 5.394000 0.000000 2004-06-01T00:00:00
#341 71897 112898 1 966 1430.442017 0.000000 2004-06-01T00:00:00
#342 71897 112903 2 954 1430.442017 0.000000 2004-06-01T00:00:00
#343 71897 112904 1 864 38.099998 0.000000 2004-06-01T00:00:00
#344 71897 112899 4 979 445.410004 0.000000 2004-06-01T00:00:00
#345 71897 112905 1 948 63.900002 0.000000 2004-06-01T00:00:00
#346 71898 112906 3 969 1430.442017 0.000000 2004-06-01T00:00:00
#347 71898 112909 6 967 1430.442017 0.000000 2004-06-01T00:00:00
#348 71898 112924 1 955 1430.442017 0.000000 2004-06-01T00:00:00
#349 71898 112930 3 954 1430.442017 0.000000 2004-06-01T00:00:00
#350 71898 112913 3 994 32.394001 0.000000 2004-06-01T00:00:00
#351 71898 112929 3 951 242.994003 0.000000 2004-06-01T00:00:00
#352 71898 112931 1 952 12.144000 0.000000 2004-06-01T00:00:00
#353 71898 112915 4 968 1430.442017 0.000000 2004-06-01T00:00:00
#354 71898 112911 1 956 1430.442017 0.000000 2004-06-01T00:00:00
#355 71898 112916 3 966 1430.442017 0.000000 2004-06-01T00:00:00
#356 71898 112907 4 978 445.410004 0.000000 2004-06-01T00:00:00
#357 71898 112912 3 960 445.410004 0.000000 2004-06-01T00:00:00
#358 71898 112914 1 959 445.410004 0.000000 2004-06-01T00:00:00
#359 71898 112919 1 958 445.410004 0.000000 2004-06-01T00:00:00
#360 71898 112925 3 964 445.410004 0.000000 2004-06-01T00:00:00
#361 71898 112928 3 979 445.410004 0.000000 2004-06-01T00:00:00
#362 71898 112932 5 965 445.410004 0.000000 2004-06-01T00:00:00
#363 71898 112933 2 961 445.410004 0.000000 2004-06-01T00:00:00
#364 71898 112923 1 889 602.346008 0.000000 2004-06-01T00:00:00
#365 71898 112918 4 949 105.293999 0.000000 2004-06-01T00:00:00
#366 71898 112920 3 945 54.894001 0.000000 2004-06-01T00:00:00
#367 71898 112921 5 971 728.909973 0.000000 2004-06-01T00:00:00
#368 71898 112922 2 953 728.909973 0.000000 2004-06-01T00:00:00
#369 71898 112927 1 948 63.900002 0.000000 2004-06-01T00:00:00
#370 71898 112910 3 970 728.909973 0.000000 2004-06-01T00:00:00
#371 71898 112917 5 972 728.909973 0.000000 2004-06-01T00:00:00
#372 71898 112908 4 996 72.893997 0.000000 2004-06-01T00:00:00
#373 71898 112926 3 916 31.584000 0.000000 2004-06-01T00:00:00
#374 71899 112935 1 988 112.998001 0.400000 2004-06-01T00:00:00
#375 71899 112934 2 881 32.394001 0.000000 2004-06-01T00:00:00
#376 71899 112940 2 944 158.429993 0.000000 2004-06-01T00:00:00
#377 71899 112938 1 808 26.724001 0.000000 2004-06-01T00:00:00
#378 71899 112936 1 981 461.694000 0.000000 2004-06-01T00:00:00
#379 71899 112941 1 937 48.594002 0.000000 2004-06-01T00:00:00
#380 71899 112937 1 743 809.760010 0.000000 2004-06-01T00:00:00
#381 71899 112939 2 714 29.993999 0.000000 2004-06-01T00:00:00
#382 71902 112956 1 987 112.998001 0.400000 2004-06-01T00:00:00
#383 71902 112970 4 984 112.998001 0.400000 2004-06-01T00:00:00
#384 71902 112985 3 988 112.998001 0.400000 2004-06-01T00:00:00
#385 71902 112994 5 985 112.998001 0.400000 2004-06-01T00:00:00
#386 71902 112996 1 986 112.998001 0.400000 2004-06-01T00:00:00
#387 71902 112995 7 711 20.993999 0.000000 2004-06-01T00:00:00
#388 71902 112993 2 881 32.394001 0.000000 2004-06-01T00:00:00
#389 71902 112963 1 925 149.873993 0.000000 2004-06-01T00:00:00
#390 71902 112975 1 926 149.873993 0.000000 2004-06-01T00:00:00
#391 71902 112977 7 870 2.994000 0.000000 2004-06-01T00:00:00
#392 71902 112999 2 918 158.429993 0.000000 2004-06-01T00:00:00
#393 71902 112991 5 883 32.394001 0.000000 2004-06-01T00:00:00
#394 71902 112988 4 708 20.993999 0.000000 2004-06-01T00:00:00
#395 71902 112980 2 707 20.993999 0.000000 2004-06-01T00:00:00
#396 71902 112955 1 904 218.453995 0.000000 2004-06-01T00:00:00
#397 71902 113000 3 905 218.453995 0.000000 2004-06-01T00:00:00
#398 71902 112986 5 880 32.993999 0.000000 2004-06-01T00:00:00
#399 71902 112984 2 809 37.152000 0.000000 2004-06-01T00:00:00
#400 71902 112965 3 992 323.993988 0.000000 2004-06-01T00:00:00
#401 71902 112969 1 989 323.993988 0.000000 2004-06-01T00:00:00
#402 71902 112981 1 993 323.993988 0.000000 2004-06-01T00:00:00
#403 71902 112987 1 936 37.254002 0.000000 2004-06-01T00:00:00
#404 71902 112990 2 991 323.993988 0.000000 2004-06-01T00:00:00
#405 71902 112968 4 935 24.294001 0.000000 2004-06-01T00:00:00
#406 71902 112982 6 864 38.099998 0.000000 2004-06-01T00:00:00
#407 71902 113002 6 865 38.099998 0.000000 2004-06-01T00:00:00
#408 71902 112954 2 981 461.694000 0.000000 2004-06-01T00:00:00
#409 71902 112960 7 869 41.993999 0.000000 2004-06-01T00:00:00
#410 71902 112966 3 980 461.694000 0.000000 2004-06-01T00:00:00
#411 71902 112971 2 982 461.694000 0.000000 2004-06-01T00:00:00
#412 71902 112983 7 867 41.993999 0.000000 2004-06-01T00:00:00
#413 71902 113001 4 983 461.694000 0.000000 2004-06-01T00:00:00
#414 71902 112959 2 859 14.694000 0.000000 2004-06-01T00:00:00
#415 71902 112962 3 712 5.394000 0.000000 2004-06-01T00:00:00
#416 71902 112998 5 884 32.394001 0.000000 2004-06-01T00:00:00
#417 71902 112964 2 937 48.594002 0.000000 2004-06-01T00:00:00
#418 71902 112979 5 877 4.770000 0.000000 2004-06-01T00:00:00
#419 71902 112961 2 908 16.271999 0.000000 2004-06-01T00:00:00
#420 71902 112997 7 748 818.700012 0.000000 2004-06-01T00:00:00
#421 71902 112976 3 714 29.993999 0.000000 2004-06-01T00:00:00
#422 71902 112967 3 715 29.993999 0.000000 2004-06-01T00:00:00
#423 71902 112978 4 876 72.000000 0.000000 2004-06-01T00:00:00
#424 71902 112974 1 810 72.162003 0.000000 2004-06-01T00:00:00
#425 71902 112957 7 783 1376.994019 0.000000 2004-06-01T00:00:00
#426 71902 112972 8 782 1376.994019 0.000000 2004-06-01T00:00:00
#427 71902 112973 2 784 1376.994019 0.000000 2004-06-01T00:00:00
#428 71902 112992 1 910 31.584000 0.000000 2004-06-01T00:00:00
#429 71902 112953 5 780 1391.994019 0.000000 2004-06-01T00:00:00
#430 71902 112958 5 781 1391.994019 0.000000 2004-06-01T00:00:00
#431 71902 112989 3 779 1391.994019 0.000000 2004-06-01T00:00:00
#432 71915 113090 2 738 202.332001 0.000000 2004-06-01T00:00:00
#433 71915 113091 4 938 24.294001 0.000000 2004-06-01T00:00:00
#434 71915 113089 3 836 356.898010 0.000000 2004-06-01T00:00:00
#435 71915 113092 3 939 37.254002 0.000000 2004-06-01T00:00:00
#436 71915 113093 1 940 48.594002 0.000000 2004-06-01T00:00:00
#437 71917 113100 7 875 5.394000 0.000000 2004-06-01T00:00:00
#438 71920 113142 7 884 32.394001 0.000000 2004-06-01T00:00:00
#439 71920 113140 3 938 24.294001 0.000000 2004-06-01T00:00:00
#440 71920 113143 3 864 38.099998 0.000000 2004-06-01T00:00:00
#441 71920 113144 1 876 72.000000 0.000000 2004-06-01T00:00:00
#442 71920 113139 1 973 1020.593994 0.000000 2004-06-01T00:00:00
#443 71920 113141 1 976 1020.593994 0.000000 2004-06-01T00:00:00
#444 71923 113154 14 875 5.214200 0.020000 2004-06-01T00:00:00
#445 71923 113153 4 874 5.394000 0.000000 2004-06-01T00:00:00
#446 71923 113152 1 870 2.994000 0.000000 2004-06-01T00:00:00
#447 71935 113224 13 875 5.214200 0.020000 2004-06-01T00:00:00
#448 71935 113223 1 998 323.993988 0.000000 2004-06-01T00:00:00
#449 71935 113220 1 938 24.294001 0.000000 2004-06-01T00:00:00
#450 71935 113219 3 874 5.394000 0.000000 2004-06-01T00:00:00
#451 71935 113221 3 973 1020.593994 0.000000 2004-06-01T00:00:00
#452 71935 113222 2 976 1020.593994 0.000000 2004-06-01T00:00:00
#453 71936 113253 3 994 32.394001 0.000000 2004-06-01T00:00:00
#454 71936 113254 1 984 112.998001 0.400000 2004-06-01T00:00:00
#455 71936 113262 2 987 112.998001 0.400000 2004-06-01T00:00:00
#456 71936 113226 4 985 112.998001 0.400000 2004-06-01T00:00:00
#457 71936 113229 1 926 149.873993 0.000000 2004-06-01T00:00:00
#458 71936 113239 5 924 149.873993 0.000000 2004-06-01T00:00:00
#459 71936 113257 6 925 149.873993 0.000000 2004-06-01T00:00:00
#460 71936 113252 2 917 158.429993 0.000000 2004-06-01T00:00:00
#461 71936 113225 3 944 158.429993 0.000000 2004-06-01T00:00:00
#462 71936 113259 1 918 158.429993 0.000000 2004-06-01T00:00:00
#463 71936 113228 1 707 20.993999 0.000000 2004-06-01T00:00:00
#464 71936 113234 2 905 218.453995 0.000000 2004-06-01T00:00:00
#465 71936 113264 2 904 218.453995 0.000000 2004-06-01T00:00:00
#466 71936 113270 6 909 23.483999 0.000000 2004-06-01T00:00:00
#467 71936 113248 3 952 12.144000 0.000000 2004-06-01T00:00:00
#468 71936 113232 6 951 242.994003 0.000000 2004-06-01T00:00:00
#469 71936 113263 5 809 37.152000 0.000000 2004-06-01T00:00:00
#470 71936 113231 5 992 323.993988 0.000000 2004-06-01T00:00:00
#471 71936 113269 2 936 37.254002 0.000000 2004-06-01T00:00:00
#472 71936 113237 3 935 24.294001 0.000000 2004-06-01T00:00:00
#473 71936 113230 4 808 26.724001 0.000000 2004-06-01T00:00:00
#474 71936 113236 14 867 40.594200 0.020000 2004-06-01T00:00:00
#475 71936 113266 4 868 41.993999 0.000000 2004-06-01T00:00:00
#476 71936 113243 2 981 461.694000 0.000000 2004-06-01T00:00:00
#477 71936 113247 8 869 41.993999 0.000000 2004-06-01T00:00:00
#478 71936 113255 6 860 14.694000 0.000000 2004-06-01T00:00:00
#479 71936 113250 5 937 48.594002 0.000000 2004-06-01T00:00:00
#480 71936 113238 5 945 54.894001 0.000000 2004-06-01T00:00:00
#481 71936 113235 4 747 809.760010 0.000000 2004-06-01T00:00:00
#482 71936 113260 4 743 809.760010 0.000000 2004-06-01T00:00:00
#483 71936 113256 4 948 63.900002 0.000000 2004-06-01T00:00:00
#484 71936 113242 5 748 818.700012 0.000000 2004-06-01T00:00:00
#485 71936 113261 5 739 818.700012 0.000000 2004-06-01T00:00:00
#486 71936 113268 7 742 818.700012 0.000000 2004-06-01T00:00:00
#487 71936 113258 3 908 16.271999 0.000000 2004-06-01T00:00:00
#488 71936 113240 10 783 1376.994019 0.000000 2004-06-01T00:00:00
#489 71936 113244 5 894 72.875999 0.000000 2004-06-01T00:00:00
#490 71936 113241 5 784 1376.994019 0.000000 2004-06-01T00:00:00
#491 71936 113246 8 782 1376.994019 0.000000 2004-06-01T00:00:00
#492 71936 113227 4 996 72.893997 0.000000 2004-06-01T00:00:00
#493 71936 113251 3 910 31.584000 0.000000 2004-06-01T00:00:00
#494 71936 113249 3 949 105.293999 0.000000 2004-06-01T00:00:00
#495 71936 113233 3 780 1391.994019 0.000000 2004-06-01T00:00:00
#496 71936 113245 4 779 1391.994019 0.000000 2004-06-01T00:00:00
#497 71936 113267 5 988 112.998001 0.400000 2004-06-01T00:00:00
#498 71936 113265 4 781 1391.994019 0.000000 2004-06-01T00:00:00
#499 71938 113299 3 997 323.993988 0.000000 2004-06-01T00:00:00
#500 71938 113300 8 870 2.994000 0.000000 2004-06-01T00:00:00
#501 71938 113308 4 977 323.993988 0.000000 2004-06-01T00:00:00
#502 71938 113292 5 998 323.993988 0.000000 2004-06-01T00:00:00
#503 71938 113311 6 939 37.254002 0.000000 2004-06-01T00:00:00
#504 71938 113280 5 938 24.294001 0.000000 2004-06-01T00:00:00
#505 71938 113276 2 835 356.898010 0.000000 2004-06-01T00:00:00
#506 71938 113296 5 865 38.099998 0.000000 2004-06-01T00:00:00
#507 71938 113302 4 874 5.394000 0.000000 2004-06-01T00:00:00
#508 71938 113284 5 940 48.594002 0.000000 2004-06-01T00:00:00
#509 71938 113287 5 798 672.294006 0.000000 2004-06-01T00:00:00
#510 71938 113288 4 799 672.294006 0.000000 2004-06-01T00:00:00
#511 71938 113307 7 880 32.993999 0.000000 2004-06-01T00:00:00
#512 71938 113306 5 797 672.294006 0.000000 2004-06-01T00:00:00
#513 71938 113315 3 800 672.294006 0.000000 2004-06-01T00:00:00
#514 71938 113303 2 859 14.694000 0.000000 2004-06-01T00:00:00
#515 71938 113291 4 999 323.993988 0.000000 2004-06-01T00:00:00
#516 71938 113293 6 877 4.770000 0.000000 2004-06-01T00:00:00
#517 71938 113290 2 714 29.993999 0.000000 2004-06-01T00:00:00
#518 71938 113304 5 975 1020.593994 0.000000 2004-06-01T00:00:00
#519 71938 113289 4 864 38.099998 0.000000 2004-06-01T00:00:00
#520 71938 113275 3 876 72.000000 0.000000 2004-06-01T00:00:00
#521 71938 113274 5 973 1020.593994 0.000000 2004-06-01T00:00:00
#522 71938 113277 3 974 1020.593994 0.000000 2004-06-01T00:00:00
#523 71938 113286 5 976 1020.593994 0.000000 2004-06-01T00:00:00
#524 71938 113279 1 813 72.162003 0.000000 2004-06-01T00:00:00
#525 71938 113295 5 708 20.993999 0.000000 2004-06-01T00:00:00
#526 71938 113313 1 881 32.394001 0.000000 2004-06-01T00:00:00
#527 71938 113309 5 801 672.294006 0.000000 2004-06-01T00:00:00
#528 71938 113294 3 796 1466.010010 0.000000 2004-06-01T00:00:00
#529 71938 113301 6 795 1466.010010 0.000000 2004-06-01T00:00:00
#530 71938 113305 3 793 1466.010010 0.000000 2004-06-01T00:00:00
#531 71938 113312 3 715 29.993999 0.000000 2004-06-01T00:00:00
#532 71938 113310 7 794 1466.010010 0.000000 2004-06-01T00:00:00
#533 71938 113285 3 792 1466.010010 0.000000 2004-06-01T00:00:00
#534 71938 113283 1 712 5.394000 0.000000 2004-06-01T00:00:00
#535 71938 113278 3 707 20.993999 0.000000 2004-06-01T00:00:00
#536 71938 113298 3 883 32.394001 0.000000 2004-06-01T00:00:00
#537 71938 113314 2 875 5.394000 0.000000 2004-06-01T00:00:00
#538 71938 113297 3 738 202.332001 0.000000 2004-06-01T00:00:00
#539 71938 113281 5 884 32.394001 0.000000 2004-06-01T00:00:00
#540 71938 113282 3 711 20.993999 0.000000 2004-06-01T00:00:00
#541 71946 113406 1 916 31.584000 0.000000 2004-06-01T00:00:00
